100
4 4
1932
4791
5890
2062
4 4
8159
4898
5659
3866
4 4
9183
1976
9672
6566
4 4
7171
9616
4657
6437
4 4
7338
4054
8466
9228
4 4
3914
7301
1710
3671
4 4
2096
2600
0660
0003
4 4
9298
5108
1386
9873
4 4
0903
5238
1201
2074
4 4
2849
0603
9891
6747
4 4
8625
1732
1334
6208
4 4
1601
3044
0359
2260
4 4
0081
7139
7953
1732
4 4
3338
5936
5059
2325
4 4
3062
3030
9032
7953
4 4
2010
2667
7381
6061
4 4
0354
5966
9289
1523
4 4
6558
4171
6542
6158
4 4
6143
0191
3904
7493
4 4
2536
8295
9597
8564
4 4
6098
3096
0227
8222
4 4
9707
9948
7485
9407
4 4
6150
2684
0111
5534
4 4
4433
3830
2183
7004
4 4
1763
3676
7074
5009
4 4
4440
4028
3013
0372
4 4
0555
1511
5873
1845
4 4
4178
1086
2995
4894
4 4
5697
1107
1722
7601
4 4
7710
9994
0094
9884
4 4
4038
1574
3992
7947
4 4
8590
7847
9540
5441
4 4
4097
5620
7335
2922
4 4
6123
2831
5730
1748
4 4
9557
4971
2284
3290
4 4
4138
2817
5409
3673
4 4
1405
4996
4737
0276
4 4
5369
1779
1986
5798
4 4
1145
3527
4764
9426
4 4
7860
5598
4951
6698
4 4
0553
2927
6817
4643
4 4
6242
7523
5961
6518
4 4
3715
8545
5840
4830
4 4
2949
5740
8034
8521
4 4
4582
2398
1487
2375
4 4
3460
1129
1569
2026
4 4
8310
6009
4069
4549
4 4
9212
5347
8281
2192
4 4
4052
1535
6962
6218
4 4
5400
7697
8883
1055
4 4
2293
8216
3781
0197
4 4
5074
6917
7208
2754
4 4
0600
0163
0662
9694
4 4
8986
8137
3375
3403
4 4
0250
5155
9108
9127
4 4
2240
3797
3646
0612
4 4
8623
9918
3162
4007
4 4
4499
3988
7368
9700
4 4
5556
6669
9224
4230
4 4
8203
1829
3895
8153
4 4
8025
9860
3869
2902
4 4
2265
0866
6716
9829
4 4
8469
4307
3698
8902
4 4
1873
6695
3214
0361
4 4
9204
5231
1299
3114
4 4
0006
6132
4784
2452
4 4
7884
0351
6629
8368
4 4
6664
7063
9781
1558
4 4
3556
9277
9267
7473
4 4
2382
5654
3587
1574
4 4
3224
5016
4951
4256
4 4
5583
3699
1962
5590
4 4
8145
3537
4898
0677
4 4
3706
3075
1598
1089
4 4
2267
9974
9849
4387
4 4
1154
3314
8339
3107
4 4
6875
7418
2678
9852
4 4
9292
7266
5971
3089
4 4
8568
1863
6617
4803
4 4
1970
3369
5600
6094
4 4
6527
5131
7693
5968
4 4
0583
8745
5651
7675
4 4
4249
3912
6053
1333
4 4
8388
2347
1180
8852
4 4
0233
1479
6227
5503
4 4
1933
4717
1189
9339
4 4
7649
1109
5370
0951
4 4
0974
8829
9289
7305
4 4
0563
8624
1142
1251
4 4
1281
2212
4131
7387
4 4
8427
3614
8781
9422
4 4
8261
6752
0867
1460
4 4
1094
7285
9761
3053
4 4
5163
0163
1423
8951
4 4
9658
8639
5108
4831
4 4
9042
3255
6707
8580
4 4
1489
0285
5159
9020
4 4
2726
9938
7355
8351
4 4
9421
8285
3574
6958
4 4
8968
9966
4332
6158
